5 6 73:1138:231 340 567
89:688:688
120 122 239:1177:504 427 246
6 49 79 119 120 121 122 150 152 156 213 231 247:7511:68 1650 190 567 630 1240 427 116 270 963 174 352 864
1 81 83 84 165:2838:420 534 880 984 20
81 85 145 149:991:178 238 140 435
149:1305:1305
69 74 83 84 91 112 113 150 180 193 233:6038:0 203 550 861 136 2255 258 348 748 204 475
73:63:63
86 148 168:3150:125 145 2880
82 144 146 149 164:3464:657 846 380 1305 276
146:76:76
163:665:665
54 77 80 86:2873:672 1722 279 200
71 72 73 82 84 85 88 124 126 180 218 233 259 260 262:15829:1376 1236 378 292 984 476 808 413 1946 1683 84 950 763 3045 1395
53:111:111
163:570:570
45 57:1245:489 756
150:174:174
202 212 244:2728:1472 1090 166
81:445:445
66 81 83 89 112 113 118 156 157:9589:792 801 1100 602 2706 860 110 2247 371
103 108 113 146 237 239 246 248 250 251:5797:945 321 860 152 330 738 572 1052 35 792
108:535:535
51 53 60 64 65 79 116 124 127 177:4576:350 370 2384 210 416 285 322 177 40 22
78 104 193 248:2254:56 60 34 2104
89:688:688
112:1353:1353
108:321:321
32 41 44 51 57 60 61 63:6569:1416 540 504 210 1008 894 350 1647
53 55 202 218:2947:37 1170 1656 84
27 52:1263:45 1218
202:1472:1472
20 60 112 131 132 133:8649:1176 2086 4510 666 91 120
168:960:960
67:495:495
32 51 52 53 63:5812:2832 140 1740 185 915
34 40 41 110 126 127 145 168:9187:2080 136 864 390 1112 180 105 4320
112:902:902
53:296:296
91:204:204
103:1350:1350
76:20:20
168:4320:4320
20 185:3780:1344 2436
53 168 233:1066:111 480 475
5:770:770
103 139:1917:1215 702
163:475:475
53:259:259
168:4320:4320
7 15 17 149 150 193 219 230 244:4062:728 1270 40 435 580 340 544 42 83
75 168:4588:268 4320
150:174:174
175:408:408
120:315:315
88:2828:2828
104:120:120
88:3636:3636
217 218 245 246 247 248 249 250 251:5232:110 294 460 572 1296 1578 122 140 660
7 17 21 55 88 241 242 243:3219:546 80 57 351 1212 329 524 120
178 179 180 181 182 183 265:3574:171 1152 935 414 30 448 424
97:474:474
120 122:250:189 61
64 88 127 198 205 233 241 244 267 273:4827:180 808 40 1344 53 475 188 664 840 235
97:474:474
62:30:30
86:150:150
97:158:158
112 254:5398:3608 1790
86:225:225
60:1788:1788
86:25:25
86:50:50
6 225 267 269:2236:272 900 252 812
241 254 267:2539:329 1790 420
57 76 91 152 221 241 254:3242:756 16 272 210 1075 376 537
4 6 8 9 13 14 15 16 17 20 21 22 23 24 25 33 69 70 73 92 93 108 109 110 111 113 114 116 121 122 123 124 125 129 130 131 135 136 140 144 151 153 154 156 157 159 160 161 163 165 166 173 237:40248:388 102 3290 510 972 1715 1143 378 280 336 95 385 1355 1040 196 456 0 678 378 1148 1071 1070 3132 390 3250 430 112 644 496 610 24 472 1218 207 90 592 48 606 605 376 212 99 948 2568 424 50 3470 99 380 120 435 55 1100
28 112 177 224 262:2139:620 902 132 20 465
115:76:76
237 266:791:770 21
1 2 3 5 10 11 112 116 117 120 121 122 144 149 150 151 152 164 168:13066:126 348 752 231 240 642 2706 1127 660 378 620 610 658 1305 116 265 270 92 1920
163:665:665
202 266:1306:1288 18
237:1100:1100
104 105:496:60 436
15 16:1437:1143 294
86:250:250
55 76:248:234 14
60:1192:1192
60 197:498:298 200
77 91 193 197 207 213 221 256 258:7281:2583 68 238 200 1016 174 1720 210 1072
86:150:150
87:230:230
79:760:760
230 232:412:294 118
41 100:1080:540 540
1 2 3 5 7 10 11 12 81 82 83 105 120:7726:378 870 188 154 182 2400 321 822 178 292 880 872 189
6 7 73 81:1628:170 546 378 534
89 91:1060:516 544